1 248 0.638941
1 875 0.32495
1 1055 0.506173
1 1323 0.522802
1 1328 0.572259
1 1803 0.63139
1 2060 0.29599
1 2132 0.687102
1 2152 0.502732
1 2816 0.694617
1 2948 0.666237
1 3353 0.377145
1 3754 0.630807
1 3842 0.512996
1 4713 0.539844
1 5849 0.489626
1 6191 0.622909
1 6193 0.672926
1 6803 0.677328
1 7818 0.598606
1 8657 0.649029
1 8908 0.122474
1 8910 0.106322
1 8934 0.417129
1 8948 0.68494
2 17 0.139525
3 6489 0.698589
3 6765 0.638379
4 668 0.598186
4 687 0.260247
4 3200 0.357789
4 5948 0.470868
4 6570 0.681124
4 6965 0.587439
4 7150 0.615758
4 7223 0.629946
4 7381 0.668575
4 8404 0.258804
4 9101 0.551125
5 672 0.349672
5 2836 0.472201
5 8473 0.544436
6 47 0.0658065
6 1386 -0
7 62 0.644334
8 67 0.483956
13 1321 0.615256
13 3352 0.645319
13 5671 0.503913
13 5940 0.590136
13 6948 0.519373
14 143 0.142194
15 136 0.460106
15 4987 0.460106
17 73 0.60516
17 149 0.259974
19 1969 0.565083
22 154 0.21061
23 493 0.142619
23 2330 0.611645
23 2568 0.643502
23 3156 0.67973
24 1404 0.434932
26 5646 0.625295
26 7681 0.650164
28 189 0.538986
31 9300 0.697924
32 214 0.628063
34 153 0.198418
36 439 0.596981
36 638 0.31731
36 4277 0.490784
36 4651 0.567976
36 5613 0.617024
36 6916 0.588858
36 7360 0.648748
36 7598 0.598908
36 8238 0.648748
36 8730 0.26107
36 8731 0.385971
36 9123 0.348227
36 9307 0.617024
37 2873 0.524558
39 300 0.306616
43 2419 0.164484
44 1497 0.643465
44 4809 0.477149
45 695 0.382983
45 2990 0.477696
46 7548 0.665173
46 8433 0.591571
46 8468 0.591571
47 2056 0.487792
47 4886 0.615287
47 5837 0.674842
47 5838 0.468922
47 6765 0.645462
47 8084 0.509909
47 8948 0.506895
47 9051 0.468922
48 310 0.442614
48 5911 0.442614
49 188 0.50766
49 350 0.610876
49 517 0.587468
49 521 0.544599
49 1793 0.564086
49 1811 0.60947
49 4106 0.307861
49 4143 0.630377
49 4154 0.610876
49 4522 0.53613
49 4543 0.554486
49 5768 0.50766
49 5769 0.535358
49 8239 0.500448
49 8612 0.544599
49 9149 0.449935
50 348 0.685435
50 3769 0.685435
51 73 0.51515
51 1360 0.483426
51 2744 0.63105
51 3311 0.00317528
51 4949 0.6405
51 5305 0.42782
51 6108 0.618359
51 6125 0.45272
51 6761 0.593064
51 6948 0.520539
51 7204 0.618359
51 8509 0.606982
52 375 0.352498
54 3028 0.303465
55 714 0.375564
55 2697 0.483534
55 3313 0.30103
55 3513 0.629814
55 6671 0.629814
55 7174 0.591573
55 7437 0.341492
55 8415 0.483534
58 404 0.101814
60 414 0.105949
61 4282 0.378679
61 4385 0.605415
63 230 0.687447
63 3494 0.12812
63 6627 0.620893
63 8732 0.434805
64 1813 0.691396
64 3238 0.592472
64 8069 0.691396
67 1158 -0
67 2738 0.452482
67 3493 0.349796
67 7465 0.332675
69 4178 0.489588
70 432 0.280327
70 5895 0.620176
70 6639 0.677603
72 149 0.639677
72 183 0.610522
72 294 0.60868
72 299 0.40531
72 715 0.696682
72 765 0.100392
72 1194 0.633123
72 2782 0.444884
72 3101 0.646754
72 3331 0.11781
72 3797 0.607719
72 4043 0.659693
72 5744 0.507017
72 5948 0.492406
72 5964 0.517588
72 6091 0.675909
72 7325 0.645003
72 7776 0.673876
72 8225 0.356787
73 571 0.285818
73 2867 0.314736
73 4373 0.589529
73 5750 0.335192
74 517 0.577106
78 521 0.696125
78 8612 0.696125
79 1169 0.566323
79 1648 0.31898
79 2741 0.434816
79 5938 0.568585
81 556 0.670898
83 552 0.2235
86 1150 0.659366
86 1786 0.547985
86 2570 0.328875
86 4860 0.619584
86 8501 0.260548
86 9321 0.512614
87 683 0.5587
87 2458 0.321814
87 2459 0.232243
87 2467 0.229132
87 3373 0.696376
87 3577 0.597006
87 6421 0.558336
87 6856 0.593031
88 2455 0.138838
89 2453 0.419255
90 3908 0.48248
91 590 0.262794
93 593 0.635923
93 5524 0.635923
94 18 0.371306
94 660 0.637028
94 715 0.591423
94 717 0.5047
94 1086 0.477533
94 1511 0.57948
94 2533 0.660598
94 2878 0.583945
94 3488 0.543073
94 4145 0.519362
94 4605 0.570557
94 4808 0.629323
94 5413 0.621743
94 8240 0.387605
94 9101 0.693771
97 283 0.657819
97 697 0.657819
98 699 0.225475
99 704 0.39391
100 742 0.292336
101 7429 0.681661
101 8394 0.483451
103 775 0.0365366
104 2306 0.681604
104 2845 0.303609
104 6931 0.400217
104 6954 0.315529
104 6957 0.328296
104 6959 0.477105
104 6960 0.478454
104 6967 0.396695
104 7130 0.562256
104 7315 0.182499
104 7325 0.511554
104 7424 0.562256
104 7489 0.555557
104 7587 0.337111
104 7598 0.598749
104 7610 0.413292
104 7626 0.505477
104 7675 0.584815
106 780 0.240939
108 4201 0.402142
108 5591 0.627483
108 6332 0.664296
108 7820 0.0141492
108 7825 0.355656
109 1213 0.639094
109 7828 0.484481
111 809 0.211395
112 7701 0.549476
113 685 0.483148
113 1397 0.651089
113 3347 0.14701
113 3506 0.568686
113 3763 0.575007
113 5079 0.30103
113 6280 0.692897
113 7988 0.633033
113 8050 0.438172
113 8054 0.456344
113 8055 0.396472
113 8061 0.302076
113 8184 0.509111
113 9234 0.38596
114 4316 0.456676
114 5905 0.297902
116 67 0.551246
116 1647 0.605219
116 2069 0.609206
116 2553 0.627616
116 2665 0.671099
116 3142 0.477353
116 3329 0.340013
116 3382 0.556517
116 4356 0.67404
116 6531 0.588687
117 102 0.686447
117 733 0.0676689
118 2336 0.639118
119 2568 0.467296
123 906 0.235233
124 908 0.680711
125 908 0.493773
126 438 0.297447
127 917 0.343627
129 924 0.120387
129 2452 0.687476
130 928 0.41005
131 931 0.498456
132 5191 0.448037
133 5299 0.290678
133 9234 0.370129
134 3177 0.0285064
135 949 0.265327
137 1783 0.62551
137 3985 0.221586
137 3988 0.372687
137 3998 0.520895
137 4026 0.536865
137 4028 0.39132
137 4029 0.62551
140 3499 0.414155
142 967 0.27543
144 6201 0.478614
145 5591 0.203351
145 5593 0.650852
145 7100 0.650852
146 1009 0.184313
147 1085 0.606697
147 5507 0.606697
148 997 0.00599319
149 1017 0.531405
150 6791 0.604756
151 8308 0.597452
152 5895 0.629066
153 1038 0.155024
156 1050 0.630664
157 1050 0.630666
162 3414 0.190509
163 3506 0.560618
166 1105 0.090733
166 1106 0.203096
167 348 0.68572
167 3769 0.68572
168 1112 0.273741
168 3259 0.630744
169 230 0.687447
169 608 0.351686
170 1142 0.575165
170 2717 0.575165
171 1040 0.168224
171 1313 0.651319
171 5747 0.651319
171 5891 -0
172 3792 0.36673
172 4108 0.36673
173 1150 0.695024
175 3575 0.516352
176 4394 0.47944
176 6484 0.47944
178 1579 0.627205
179 8405 0.51663
180 472 0.635208
180 1391 0.635208
181 320 0.418155
182 1321 0.547445
182 1323 0.323203
183 5428 0.466774
183 6931 0.399482
183 6967 0.396137
183 7587 0.336226
185 176 0.639878
185 9337 0.639878
186 700 0.354518
186 1203 0.133775
186 1204 0.21444
186 6803 0.589618
187 6649 0.601033
189 3438 0.605178
189 4988 0.0194497
190 103 0.245179
190 1782 0.537195
191 2246 0.312691
191 2680 0.639312
191 5892 0.681386
192 660 0.628845
192 7695 0.0473194
194 1211 0.072885
196 4196 0.629936
198 199 0.658265
198 445 0.229576
198 447 0.0904281
198 450 0.555466
198 3290 0.629045
198 3623 0.503934
198 6954 0.661826
198 6955 0.455356
198 8558 0.333832
199 443 0.064607
199 2168 0.393922
199 3890 0.610397
199 6170 0.635891
199 8557 0.417882
200 439 0.596597
200 449 0.266178
201 1242 0.40363
201 1703 0.546877
201 3162 0.432021
201 6206 0.157586
201 6208 0.196081
201 6209 0.280989
201 6487 0.19305
201 6495 0.580482
201 6764 0.6014
201 8587 0.567833
201 9254 0.576672
201 9257 0.336715
202 3127 0.279847
204 9258 0.042897
205 1304 0.0108895
205 2697 0.483534
205 4229 0.619087
205 6234 0.344973
205 7478 0.485044
205 8415 0.483534
207 1283 0.346362
208 819 0.302873
209 646 0.558622
211 1310 0.289684
211 3358 0.208983
211 3521 0.606969
211 5366 0.480138
212 3267 0.367941
213 7109 0.555384
213 7114 0.224547
213 7116 0.220123
215 5414 0.602641
216 5905 0.312434
216 5949 0.417786
216 6176 0.621356
216 6763 0.340383
216 7821 0.63378
216 8218 0.333863
216 8966 0.663021
217 1342 0.409971
221 1369 0.0696322
221 1370 0.0770395
221 1697 0.333765
222 1365 0.334386
223 8430 0.313475
224 472 0.635207
224 1391 0.635207
225 4056 0.578782
227 1415 0.356273
227 1579 0.627059
228 1427 0.140179
229 1428 0.0332435
231 1443 0.644789
231 1450 0.402642
235 3763 0.520108
237 1493 0.459751
237 8821 0.493335
238 8671 0.588864
239 1497 0.592436
240 1497 0.318006
241 1502 -0
242 1511 0.266054
242 4083 0.485111
243 8500 0.687411
244 3055 0.58844
245 1530 0.276859
247 1544 0.165771
247 2931 0.656697
247 7208 0.328624
247 9080 0.458524
247 9083 0.0797519
247 9084 0.0566421
248 1551 0.0935174
248 7681 0.376005
248 9114 0.523471
249 9081 0.339683
250 7906 0.00425376
250 8533 -0
252 1536 0.319805
253 7510 0.679741
255 3100 0.541932
256 3101 0.169154
257 1579 0.627059
258 6760 0.21474
259 1133 0.369462
262 1591 0.458208
263 2997 0.454877
264 4219 0.48523
265 1618 0.645758
265 7035 0.645758
266 8153 0.555781
268 1653 0.377795
269 1664 0.233899
271 1150 0.695024
272 597 0.482304
272 1662 0.657704
273 4371 0.396296
275 1683 0.291358
275 8308 0.599581
276 1695 0.316555
277 1696 0.16731
278 1696 0.566781
280 6570 0.672793
280 6741 0.146449
281 6095 0.63781
282 6670 0.318271
282 6790 0.492874
283 4620 0.633873
283 8663 0.240479
284 1345 0.432274
284 3810 0.328129
284 9116 0.432274
285 286 0.481275
285 7833 0.481275
290 1720 0.30103
291 6439 0.506708
292 1749 0.192819
294 2147 0.222407
296 2527 0.46238
296 5153 0.685899
296 6015 0.441256
296 8237 0.685899
296 9057 0.593576
296 9142 0.378437
297 7565 0.420374
298 8514 0.58391
298 9043 0.507879
298 9143 0.391909
300 1829 0.390901
301 6766 0.621225
304 7058 0.573027
305 1846 0.108575
306 1905 0.666749
307 1919 0.503992
308 1927 0.476854
309 2120 0.493313
309 8400 0.493313
310 1984 0.307313
311 2092 0.397064
311 5470 0.597465
312 2038 0.291879
314 2053 0.245011
315 4514 0.313718
316 3179 0.324223
318 430 0.346875
319 2060 0.594957
319 2062 0.206023
320 6493 0.547711
321 3422 0.383353
322 3421 0.671833
323 2100 0.098399
324 2103 0.301019
326 359 0.348107
327 7102 0.587806
328 2117 0.457961
330 2850 0.583932
332 1662 0.432991
332 1950 0.5871
332 3506 0.560654
332 4354 0.527163
332 5938 0.57603
332 6466 0.407374
332 6471 0.579965
332 6486 0.33817
332 6487 0.668816
332 6750 0.376101
332 7935 0.673628
332 8297 0.435924
332 8679 0.480215
333 2151 0.0491885
334 6766 0.621225
335 6006 0.614068
337 2190 0.0983153
338 1307 0.69139
338 3109 0.69139
339 819 0.302873
339 998 0.455742
339 2221 0.293896
341 2246 0.347825
342 2257 0.533201
342 3038 0.533201
343 2260 0.0616274
344 3486 0.641214
344 8815 0.266933
345 4495 0.538575
347 8473 0.544436
349 1688 0.116877
349 1694 0.487479
349 5261 0.509852
349 8076 0.568946
350 1691 0.621227
351 2155 0.600927
352 300 0.307145
352 699 0.640458
352 4540 0.343258
352 4551 0.387183
352 5487 0.616188
352 5796 0.469673
352 5806 0.429304
353 2280 0.137814
355 3754 0.574117
356 2294 0.411948
359 2306 0.365934
360 3627 0.55119
361 8350 0.282971
362 2313 0.224172
363 4615 0.159039
363 4625 0.361086
364 4628 0.118382
365 931 0.648561
365 1155 0.545033
365 1530 0.388923
365 1536 0.575966
365 1683 0.456165
365 3575 0.601649
365 3899 0.336296
365 4938 0.313199
365 6377 0.640427
365 6393 0.692611
365 6394 0.533328
365 8097 0.649408
365 8431 0.503346
367 1618 0.645758
367 3998 0.520895
367 7035 0.645758
368 5634 0.641586
368 5702 0.641586
369 5830 0.495682
371 1328 0.532775
372 6533 0.409998
374 2342 0.395415
375 6560 0.501625
377 2361 0.611904
378 2359 0.295962
378 2360 0.310855
380 2379 0.493915
381 2398 0.599931
382 2720 0.605438
382 4915 0.605438
382 6867 0.605438
383 7604 0.325254
384 2671 0.636513
385 4860 0.626285
387 2496 0.119982
388 6714 0.583527
388 8500 0.692848
389 1816 0.668475
391 6753 0.525808
391 8805 0.387086
391 8834 0.525808
394 2517 0.173251
396 1461 0.514918
396 1462 0.514918
396 5903 0.514918
399 2640 0.361759
400 2092 0.397048
400 7701 0.549507
401 188 0.504899
401 5768 0.504899
402 1344 0.523282
402 1927 0.480645
402 3238 0.509464
402 7952 0.456612
402 9291 0.685782
403 2691 0.20103
404 402 0.352442
405 6170 0.634959
406 5660 0.131636
407 1142 0.575165
407 2717 0.575165
408 2728 0.207997
408 6533 0.410478
409 8031 0.500614
410 6324 0.693148
411 1328 0.532767
412 6184 0.46792
414 2773 0.245516
415 1816 0.462102
417 2669 0.352517
418 2672 0.368088
419 2671 0.636513
420 532 0.488365
420 1942 0.456199
420 2221 0.681291
420 3301 0.545672
420 3507 0.406112
420 3696 0.270558
420 4713 0.62845
420 5500 0.606058
420 5678 0.543911
420 6148 0.504875
420 6466 0.665146
420 7890 0.579489
420 7954 0.602839
420 7956 0.580012
420 8268 0.372236
420 8558 0.501815
420 9055 0.543911
422 2805 0.14838
422 4662 0.301735
422 8419 0.674035
423 2117 0.482943
423 2738 0.551104
423 4003 0.418796
423 4277 0.475977
423 4694 0.571342
423 5840 0.667894
425 704 0.564735
425 3860 0.461466
426 3761 0.350976
427 2850 0.583932
427 4056 0.578857
427 8959 0.503904
428 2857 0.692137
429 2857 0.692137
429 3712 0.543658
431 5628 0.530916
431 5631 0.390329
432 8548 0.406455
433 2869 0.140312
434 1520 0.413734
434 1906 0.597078
434 4949 0.219591
434 8809 0.597078
435 1521 0.311241
436 1914 0.547618
436 4911 0.547618
436 6152 0.449116
437 2539 0.480196
438 3890 0.535897
438 5618 0.298668
439 717 0.67567
439 3393 0.492408
440 2903 0.350404
441 2903 0.366677
442 1468 0.324805
444 726 0.618584
444 1793 0.563734
444 6562 0.604749
446 6639 0.677617
447 2905 0.0895473
448 7611 0.323824
451 4208 0.167067
451 6714 0.604981
454 3155 0.623513
454 6434 0.623513
455 931 0.49852
455 6416 0.649274
457 5749 0.187032
458 5750 0.321219
460 1605 0.663899
462 3019 0.549445
462 6045 0.549445
463 2257 0.533201
463 3038 0.533201
465 3063 0.338728
466 1579 0.649496
467 1135 0.414962
468 8598 0.668465
470 3115 0.529762
471 597 0.482304
472 5271 0.548726
473 3179 0.324223
474 1086 0.245497
476 3362 0.00831441
478 1811 0.391899
479 3259 0.115784
484 9275 0.674023
486 8767 0.490505
487 3366 0.126062
488 2850 0.623992
488 3100 0.674147
488 3369 0.16707
488 3418 0.653957
490 5198 0.407798
490 6478 0.307761
490 7922 0.478264
491 3634 0.385965
491 8181 0.250616
491 8182 0.347107
492 8730 0.61736
492 8734 0.400317
493 5371 0.461279
494 62 0.651202
494 6416 0.643151
494 7184 0.622617
495 5990 0.56834
498 3400 0.318759
498 4656 0.558503
501 2913 0.605306
502 3415 0.41437
503 5153 0.660204
503 8237 0.660204
503 8239 0.321766
505 1881 0.594683
506 6627 0.620032
508 3438 0.589727
509 3447 0.442184
509 3450 0.229398
509 3454 0.391937
509 5840 0.650132
510 3448 0.0825013
511 3446 0.632036
511 4660 0.449427
511 6675 0.632036
512 3443 0.579102
512 4802 0.579102
515 73 0.504055
515 3516 0.565771
517 4883 0.173502
519 8518 0.36038
522 4289 0.14589
523 1155 0.624599
523 3575 0.49079
524 1969 0.565083
524 7996 0.680485
525 6809 0.671348
526 1638 0.314506
527 700 0.660873
527 1363 0.501615
527 1628 0.189038
527 5005 0.625944
527 6789 0.600613
528 2846 0.616376
528 5377 0.675727
528 6294 0.385936
530 7339 0.332844
531 4278 0.619353
531 7052 0.430993
531 7383 0.502097
531 8879 0.619353
531 8884 0.374744
532 6170 0.634959
533 318 0.0261869
533 2056 0.488541
533 6416 0.643524
533 6777 0.161311
533 7040 0.630842
533 9070 0.220477
533 9071 0.630842
534 4395 0.575862
534 7064 0.650021
535 5938 0.568027
535 8603 0.190581
536 37 0.53917
536 2336 0.386485
536 2504 0.501893
536 2509 0.607839
536 5211 0.426336
536 6538 0.356745
536 6540 0.426336
537 3650 0.275378
538 1626 0.076005
538 3677 0.410611
538 5005 0.682474
538 6799 0.625636
538 8204 0.661111
538 8821 0.502987
540 3668 0.175615
540 7754 0.529613
541 6319 0.619403
542 2120 0.493313
542 8400 0.493313
546 1443 0.644789
547 3044 0.459163
548 6236 0.454675
549 217 0.399147
549 928 0.445691
549 1365 0.460877
549 1664 0.444716
549 2294 0.459098
549 2454 0.534676
549 2467 0.603072
549 3423 0.45295
549 4395 0.576784
549 4970 0.540615
549 5008 0.561187
549 5271 0.439594
549 6032 0.308197
549 6458 0.222637
549 7109 0.556554
549 7621 0.651959
549 7935 0.622059
549 7996 0.682454
549 8657 0.517983
549 8804 0.554433
550 3345 0.57994
551 3712 0.543658
553 5823 0.54787
554 5823 0.574513
554 6099 0.61001
555 1194 0.370974
555 3727 0.677171
555 5688 0.660185
555 7145 0.677171
556 1881 0.619691
556 6798 0.0979973
556 6799 0.475607
558 1653 0.543214
559 5814 0.555066
559 6125 0.498887
559 7110 0.462856
559 7644 0.177381
559 8875 0.211488
559 8883 0.435953
560 5653 0.63691
560 6818 0.251108
560 8011 0.687063
561 6816 0.165643
563 7730 0.497791
564 3761 0.350976
565 348 0.685435
565 3769 0.685435
567 3775 0.502805
568 3998 0.520895
569 3799 0.420778
571 335 0.109916
572 917 0.438052
572 924 0.664795
572 1694 0.687768
572 1984 0.313776
572 2119 0.682218
572 2294 0.627868
572 2398 0.661528
572 2504 0.263559
572 3558 0.66195
572 5838 0.604137
572 5961 0.6627
572 5978 0.295341
572 5980 0.47713
572 6531 0.590046
572 6753 0.544527
572 8834 0.544527
572 9043 0.554924
572 9051 0.604137
573 2846 0.616376
575 3824 0.126119
576 3827 0.642757
577 3827 0.642758
577 6133 0.642758
578 3834 0.559738
579 2551 0.332646
581 3880 0.142016
582 2398 0.599931
585 3890 0.535598
586 6143 0.577094
586 6411 0.577094
588 3899 0.323186
590 1227 0.453548
590 2825 0.337982
591 3901 0.405169
591 5456 0.405169
592 3906 0.297869
593 8671 0.623293
596 553 0.492659
596 567 0.332405
596 1520 0.691893
596 1555 0.56066
596 2119 0.396944
596 2257 0.569996
596 2330 0.614824
596 2585 0.190083
596 2587 0.376724
596 2590 0.404333
596 2591 0.528882
596 2592 0.434194
596 2741 0.453376
596 3038 0.569996
596 4694 0.561509
596 5595 0.578222
596 5651 0.514294
596 5688 0.209448
596 6549 0.693208
596 7489 0.55568
596 7693 0.506524
596 8364 0.464897
596 9057 0.695883
597 2580 0.413869
598 1647 0.581961
599 1227 0.39046
600 1825 0.508555
600 2824 0.441946
600 2829 0.0797384
600 2836 0.473522
600 3421 0.671834
600 3577 0.604695
600 3754 0.574123
600 4358 0.336814
600 7437 0.341492
603 4928 0.0370698
604 228 0.228646
604 289 0.195518
604 2168 0.486867
604 6009 0.495943
604 6583 0.598923
604 7058 0.660451
604 7356 0.176914
604 7358 0.209404
604 7359 0.554509
604 7396 0.459488
604 9274 0.511458
605 2420 0.669356
605 3115 0.534872
605 5533 0.54952
606 284 0.456817
606 294 0.678361
606 299 0.455067
606 643 0.488805
606 5680 0.658742
606 6003 0.594124
606 7311 0.554954
606 8053 0.619091
606 8976 0.331421
607 1548 0.680219
607 3965 0.680219
609 1055 0.61854
609 2037 0.476627
609 2165 0.350657
609 4222 0.548159
610 1905 0.692787
610 2594 0.598729
610 3360 0.552607
610 4413 0.570757
610 7034 0.557954
610 7040 0.630787
610 7360 0.647224
610 8238 0.647224
610 9071 0.630787
610 9146 0.499938
614 3911 0.178563
614 4272 0.664396
614 8405 0.48654
615 4023 0.292767
616 4032 0.234123
617 4033 0.389519
618 3860 0.461466
620 721 0.186402
620 757 0.393827
620 3520 0.554261
620 4921 0.654194
620 5461 0.245878
620 5629 0.599182
620 8477 0.654194
622 2486 0.576524
622 2487 0.231467
623 4985 0.656478
625 4083 0.485107
626 2057 0.4333
627 6870 0.292375
628 4201 0.325241
629 1344 0.522843
630 3446 0.632025
630 6675 0.632025
631 3800 0.30103
631 8571 0.30103
633 2069 0.609403
633 2527 0.517282
633 3142 0.518516
633 3329 0.451856
633 3352 0.620633
633 3360 0.403303
633 5965 0.512496
633 6531 0.644093
633 7818 0.615652
633 9142 0.422499
633 9147 0.348311
634 3842 0.512284
636 176 0.684787
636 215 0.317451
636 582 0.332886
636 692 0.171171
636 753 0.165799
636 763 0.255861
636 1055 0.654795
636 2570 0.573733
636 2680 0.555163
636 3521 0.667663
636 3547 0.520185
636 4219 0.354062
636 4625 0.65954
636 4876 0.501468
636 5500 0.384558
636 5680 0.697876
636 5748 0.479488
636 6015 0.601079
636 6583 0.437601
636 7184 0.654086
636 7359 0.596528
636 8053 0.626282
636 8225 0.396601
636 8252 0.648999
636 9337 0.684787
639 5414 0.602641
640 517 0.631568
640 2669 0.497883
640 3352 0.620537
640 5761 0.509423
640 5955 0.441363
640 6889 0.477415
640 8093 0.67031
640 9291 0.542155
641 2738 0.452384
642 2732 0.246812
643 3162 0.431736
645 297 2.44403e-07
645 1054 0.0773061
647 217 0.398894
647 6765 0.638379
650 3627 0.469108
650 4923 0.289966
650 8219 0.521719
650 8534 0.69642
651 2527 0.46215
651 5847 0.483482
651 7064 0.64994
651 7453 0.534888
651 9306 0.574947
655 4932 0.466799
656 7073 0.55619
656 8084 0.506737
656 8767 0.490505
657 5955 0.522423
657 8084 0.506705
657 8219 0.405628
659 54 0.509965
659 637 0.47479
659 6033 0.403747
659 6035 0.339417
659 6875 0.373824
660 7396 0.458353
662 3770 0.646485
662 7074 0.686172
663 4170 0.274549
665 1875 0.502002
666 4171 0.108551
666 4172 0.111789
667 4143 0.258405
667 6344 0.61806
669 183 0.478306
669 1766 0.348741
669 1796 0.284966
669 3683 0.505021
669 4660 0.449436
669 5462 0.486049
671 4205 0.113141
672 794 0.35839
672 824 0.677952
672 4126 0.00541407
672 5460 0.40499
672 9239 0.401484
673 4158 0.133959
673 4210 0.158434
676 1360 0.265436
676 1363 0.341321
676 1374 0.373062
676 3155 0.68134
676 6434 0.68134
677 5651 0.491972
679 6889 0.476975
680 6591 0.649156
681 215 0.355931
681 582 0.332372
681 721 0.693546
681 4554 0.107143
681 4574 0.0635354
681 4941 0.538577
681 5353 0.561388
681 7102 0.596957
681 7217 0.562813
681 8392 0.475161
683 5147 0.301565
684 4222 0.28727
685 1752 0.67011
685 4229 0.220128
686 285 0.393824
686 345 0.664912
686 3520 0.560975
686 4024 0.542243
686 4544 0.518553
686 7815 0.459685
686 8104 0.0431872
688 532 0.479783
688 6031 0.301031
688 6960 0.478373
688 8768 0.614885
690 4255 0.181277
690 6880 0.647062
692 4278 0.619352
692 8879 0.619352
694 54 0.50933
695 571 0.671507
695 1112 0.548661
695 1346 0.409316
695 2298 0.0376469
695 3073 0.605249
695 3521 0.679346
695 4062 0.672643
695 4178 0.66505
695 4394 0.684402
695 5366 0.400331
695 5559 0.52548
695 5884 0.617815
695 6484 0.684402
695 8326 0.47724
695 8509 0.607675
695 9366 0.579435
696 2977 0.217071
697 3683 0.503017
699 4373 0.589242
701 2360 0.338975
701 2697 0.504145
701 3485 0.539203
701 4653 0.600937
701 6767 0.459569
701 8415 0.504145
702 4349 0.532642
703 4358 0.665924
704 4348 0.450602
704 4384 0.0998077
704 4385 0.184058
704 4393 0.333487
704 7381 0.438938
704 7382 0.673463
706 996 0.61245
707 2392 0.0610424
707 4466 0.10597
709 2068 0.52785
710 2069 0.609202
711 3423 0.235079
713 4435 0.301336
713 5493 0.400802
716 3940 0.601457
716 4438 0.666207
717 4452 0.206046
719 4477 0.595979
719 5662 0.595979
720 4478 0.25071
722 1307 0.69139
722 3109 0.69139
723 6579 0.672941
724 4522 0.480663
724 9375 0.661851
725 6916 0.588857
726 16 0.591513
726 704 0.49371
726 1085 0.587492
726 1638 0.527206
726 4656 0.63951
726 5460 0.455589
726 5470 0.619635
726 5507 0.587492
726 5973 0.571579
726 6599 0.47807
726 7662 0.508241
726 8350 0.535075
726 8514 0.66156
726 8600 0.496627
726 8669 0.282763
726 8861 0.458736
726 8966 0.698262
726 8985 0.593086
727 39 0.692926
727 230 0.537466
727 682 0.624733
727 1210 0.330945
727 1212 0.371214
727 3298 0.389248
727 3398 0.477121
727 3450 0.471973
727 3516 0.543784
727 4413 0.679
727 4688 0.524394
727 5107 0.541474
727 5278 0.410578
727 5628 0.582296
727 6082 0.527439
727 6435 0.693761
727 7048 0.511808
727 7342 0.510895
727 8364 0.559753
727 8548 0.469792
727 8576 0.480965
727 8732 0.540073
727 8769 0.63311
727 9315 0.480491
729 4540 0.333002
730 7433 0.655918
733 4544 0.666591
734 4543 0.240706
736 1521 0.311419
736 1890 0.579143
736 7681 0.650561
737 4551 0.38719
738 360 0.579732
738 1293 0.579732
739 9114 0.663665
743 4572 0.484782
743 4576 0.484782
745 4572 0.66087
745 4576 0.66087
747 4605 0.2117
748 4639 0.457107
750 3485 0.498629
750 4653 0.603972
751 4655 0.290402
751 7359 0.589089
751 8088 0.451691
751 9146 0.361846
751 9147 0.475632
753 2857 0.692137
754 3866 0.382739
754 3872 0.253232
756 231 0.194481
756 3917 0.52236
756 5301 0.30103
757 307 0.105482
759 1942 0.440168
759 1950 0.277309
759 1953 0.627916
759 2168 0.662787
759 6471 0.688878
759 7662 0.552099
759 7890 0.15695
759 7895 0.262188
759 7952 0.460069
759 7954 0.186727
759 7956 0.267119
759 7960 0.210699
761 1960 0.560599
764 4689 0.104436
764 4698 0.658384
765 3712 0.543658
765 4692 0.52154
765 6944 0.69797
765 7510 0.679741
766 4692 0.22347
766 5471 0.381817
767 4698 0.243771
768 2634 0.45138
769 2284 0.115493
770 2561 0.00638628
770 8608 0.323468
770 9080 0.663037
771 5158 0.584406
771 8182 0.648225
771 8512 0.328348
772 5962 0.505505
772 6099 0.618872
774 6495 0.581421
775 4760 0.44032
776 4760 0.440345
777 3044 0.507772
777 3702 0.557843
777 5018 0.402484
777 9130 0.557843
778 4762 0.620639
779 5357 0.649077
780 5008 0.530844
780 5962 0.499639
780 5980 0.477129
780 8798 0.316942
782 845 0.578387
782 5956 0.549643
782 5961 0.433409
782 5964 0.48151
783 4770 0.639727
783 5568 0.639727
786 4714 0.135566
787 4560 0.157663
789 6791 0.604756
790 4787 0.528531
791 1720 0.30103
791 4083 0.50114
791 4793 0.641236
792 4793 0.199929
792 6625 0.646437
794 3447 0.441762
794 6579 0.673075
795 2180 0.177569
795 3443 0.585947
795 4802 0.585947
798 4808 0.350926
798 4809 0.477149
799 947 0.576547
799 948 0.494605
800 947 0.415637
801 6152 0.449116
802 9137 0.58112
803 993 0.552812
803 1663 0.552812
803 4777 0.552812
803 8754 0.552812
804 688 0.514762
804 1786 0.366411
804 1953 0.6072
804 2613 0.450537
804 8067 0.543328
804 9283 0.34306
804 9284 0.332701
804 9285 0.373882
804 9296 0.619022
805 8598 0.668628
808 1818 0.418178
808 4833 0.0588183
808 8671 0.588866
809 4477 0.595979
809 4834 0.211658
809 5662 0.595979
810 2948 0.538979
811 2941 0.503971
811 5451 0.647619
812 7095 0.240561
814 2668 0.497293
814 6198 0.487951
815 4062 0.601502
815 6255 0.655752
816 4062 0.662366
818 2591 0.526599
818 2953 0.532494
818 3200 0.357789
819 4881 -0
821 4890 0.477253
821 6545 0.332904
824 7206 0.552935
825 7378 0.559903
826 1914 0.547618
826 4911 0.547618
827 1258 0.0150244
829 6176 0.621355
830 2361 0.611904
831 5672 0.371221
831 5814 0.424163
831 6121 0.0816206
831 6122 0.202019
832 875 0.315497
833 2037 0.177031
833 2165 0.341832
834 4921 0.534335
834 8477 0.534335
835 2420 0.659839
836 4930 0.620066
837 4938 0.351569
839 4942 0.48882
840 449 0.471644
840 2941 0.667671
840 3508 0.643556
840 5264 0.535577
840 5451 0.639071
840 6556 0.61111
840 7102 0.587816
840 7205 0.528605
840 8392 0.281615
840 8556 0.497167
840 8976 0.521232
840 9081 0.444749
841 430 0.346875
841 1072 0.464382
844 4955 0.000897145
845 3313 0.30103
845 6024 0.521164
846 1009 0.485343
848 4985 0.582533
848 4986 0.611207
849 39 0.511473
849 532 0.479783
849 2530 0.323003
849 5649 0.675361
849 7058 0.576015
849 7174 0.53245
849 8306 0.692973
852 5018 0.631614
854 3932 0.0444964
856 1766 0.670707
856 2671 0.636515
856 3683 0.503017
856 3797 0.166838
856 4378 0.30103
856 6657 0.64131
857 6284 0.275053
859 5077 0.368944
864 5132 0.335241
865 4003 0.41869
865 4277 0.475857
865 7433 0.655918
865 8490 0.453194
866 5155 0.295721
867 2990 0.477535
868 4970 0.401315
869 1169 0.651032
869 2846 0.616376
869 8587 0.483008
872 3447 0.557944
872 4941 0.367366
872 5034 0.697319
872 5160 0.22381
872 5327 0.584129
872 5353 0.608112
872 5565 0.43642
872 5909 0.588337
872 6581 0.697319
875 4120 0.505043
875 9124 0.32448
877 5249 0.661015
878 5183 0.000801388
879 4162 0.407959
880 5207 0.336509
882 5209 0.190794
884 5940 0.5251
884 5949 0.417623
887 1169 0.566299
888 5252 0.107591
890 5422 0.644123
891 4886 0.608145
892 6148 0.463735
893 5296 0.175632
895 5321 0.177293
896 4356 0.674035
897 953 0.471255
898 4958 0.413747
901 1150 0.695024
902 2509 0.607183
903 3775 0.511242
903 5335 0.260992
904 5337 0.692249
904 9226 0.692249
905 3521 0.606548
905 4430 0.372201
905 5365 0.290311
906 4926 0.18198
908 5373 0.623574
908 5497 0.623574
909 5377 0.265241
910 5398 0.202864
911 5358 0.224382
911 7043 0.607501
911 8598 0.669057
913 5406 0.303119
914 5406 0.350543
915 5413 0.184077
916 5414 0.602641
917 1133 0.607348
917 5646 0.59727
918 5428 0.461489
919 5144 0.139713
920 5156 0.34717
920 6324 0.693157
920 6493 0.548086
922 3901 0.510069
922 5456 0.510069
923 1648 0.31905
923 2533 0.398156
924 6579 0.672941
925 1453 0.511815
926 5471 0.238381
927 5034 0.696959
927 6581 0.696959
928 5487 0.645167
928 5488 0.631728
928 5806 0.662272
929 823 0.578806
930 4435 0.301465
930 5493 0.400538
932 5495 0.533375
933 1443 0.651272
933 2120 0.493313
933 2807 0.146855
933 2808 0.391234
933 3216 0.659819
933 3454 0.692967
933 3553 0.361799
933 4986 0.611082
933 7626 0.500659
933 8400 0.493313
934 5373 0.623574
934 5497 0.623574
935 2357 0.263871
935 4943 0.0162944
935 5238 0.0276561
935 5368 0.0369041
936 6579 0.672941
937 5501 0.424944
938 1085 0.606697
938 5507 0.606697
939 5508 0.688183
939 6374 0.688183
940 5604 0.0728415
940 6561 0.665252
941 5613 0.616381
941 9307 0.616381
942 3349 0.644609
943 593 0.437217
943 5524 0.437217
944 5523 0.325738
946 5535 0.0447731
947 3792 0.36673
947 4108 0.36673
947 5508 0.688202
947 6374 0.688202
950 934 0.0935243
950 2221 0.583878
950 2452 0.676293
950 7382 0.673445
950 8005 0.538548
951 103 0.542791
953 3969 0.19905
955 5501 0.688576
955 8902 0.679629
956 5559 0.454768
957 7693 0.333239
958 3866 0.673915
958 6095 0.633169
958 6255 0.341864
959 1829 0.695076
959 5020 0.395563
960 3212 0.570295
960 5649 0.220748
960 7478 0.654669
961 4620 0.141104
962 2135 0.255912
962 6665 0.222948
962 6666 0.134994
962 6669 0.381605
963 8252 0.296999
963 8459 0.380603
964 4770 0.639727
964 5568 0.639727
965 9080 0.662991
966 1721 0.521446
966 5557 0.129873
968 1721 0.516904
968 3100 0.686336
969 5576 0.0126153
972 5577 0.0331661
973 285 0.431197
973 667 0.546322
973 668 0.527515
973 1198 0.656344
973 5513 0.341131
973 5614 0.0179563
973 6082 0.359039
973 8246 0.543423
973 8247 0.449731
975 6948 0.463925
975 8119 0.608507
977 5586 0.179194
978 5595 0.506287
980 4349 0.532678
983 2509 0.607183
984 5618 0.348394
985 5619 0.0887957
985 7598 0.598743
986 1645 0.698342
986 1884 0.698342
986 5464 0.698342
986 5621 0.0373858
987 1283 0.346362
988 682 0.605119
988 5994 0.575484
990 5629 0.550505
992 5634 0.641586
992 5702 0.641586
993 7708 0.277083
995 1443 0.657462
995 8119 0.617035
996 5653 0.424824
997 3162 0.658941
997 4514 0.474175
997 4980 0.0383255
997 8598 0.670212
998 1942 0.557618
998 2931 0.678485
998 5994 0.271764
998 6148 0.464366
998 8875 0.695229
999 2838 0.61747
999 5147 0.301565
999 5661 0.010427
1000 4028 0.556886
1001 5814 0.678521
1002 5761 0.678358
1004 4106 0.300931
1005 3385 -0
1006 3384 0.492943
1006 3709 0.509755
1008 5712 0.396827
1009 1070 0.384047
1009 1591 0.242444
1009 1966 0.674478
1009 2997 0.520757
1009 3538 0.564376
1009 3917 0.64496
1009 4316 0.559851
1009 4348 0.590039
1009 4438 0.531776
1009 4830 0.500943
1009 5191 0.510807
1009 5371 0.640558
1009 5479 0.674478
1009 5487 0.571631
1009 5613 0.653458
1009 5653 0.608026
1009 5761 0.468928
1009 6006 0.659173
1009 6024 0.563016
1009 6221 0.479601
1009 6649 0.524669
1009 7765 0.310938
1009 8007 0.674478
1009 8490 0.530241
1009 8883 0.54965
1009 8888 0.526815
1009 9161 0.649465
1009 9307 0.653458
1010 2155 0.600927
1010 2370 0.690164
1010 2420 0.659839
1010 2539 0.480196
1010 2580 0.393295
1010 2585 0.474845
1010 2587 0.36034
1010 2590 0.33202
1010 2591 0.527218
1010 2592 0.426362
1010 2594 0.314791
1010 7360 0.636548
1010 8238 0.636548
1010 8417 0.690164
1012 186 0.279392
1012 1198 0.470211
1012 4039 0.357547
1013 4043 0.420429
1014 3800 0.30103
1014 8288 0.149078
1014 8571 0.30103
1015 214 0.136401
1015 5732 0.0752559
1015 5830 0.1671
1016 80 0.0169818
1016 2279 0.0940167
1016 5735 0.0258967
1016 7785 0.41859
1018 183 0.467651
1018 350 0.487033
1018 4154 0.487033
1018 9149 0.444991
1020 5739 0.164228
1021 637 0.417459
1021 643 0.652109
1021 689 0.674225
1021 1468 0.509782
1021 1818 0.466622
1021 2057 0.583124
1021 2119 0.544263
1021 2330 0.615682
1021 2342 0.673708
1021 2635 0.353066
1021 2712 0.318843
1021 3438 0.687404
1021 4589 0.668438
1021 6033 0.671251
1021 6035 0.676025
1021 6091 0.615519
1021 6236 0.466496
1021 7052 0.630107
1021 7073 0.599349
1021 7079 0.59434
1021 7907 0.56566
1021 8005 0.555244
1021 8427 0.169393
1021 8433 0.596659
1021 8468 0.596659
1021 9137 0.587445
1022 102 0.686452
1022 720 0.469026
1022 4464 0.697837
1022 5646 0.597363
1022 8074 0.410082
1023 123 0.415561
1023 1346 0.408957
1023 1352 0.462238
1023 4589 0.673613
1023 4639 0.486526
1023 4790 0.400107
1023 5191 0.482174
1023 6538 0.577602
1023 9193 0.454309
1023 9194 0.235509
1023 9376 0.605892
1024 1408 0.32944
1025 155 0.468708
1025 282 0.468708
1025 320 0.418155
1025 686 0.562074
1025 5513 0.615613
1025 6764 0.650899
1025 7361 0.655939
1025 8077 0.417866
1025 8080 0.646329
1025 8090 0.499483
1025 8140 0.417866
1025 8657 0.648631
1025 8915 0.468708
1025 9319 0.66948
1026 5837 0.372075
1026 5840 0.650132
1027 5751 0.4076
1028 5758 0.518505
1028 8862 0.518505
1029 5817 0.0202824
1030 188 0.504899
1030 5768 0.504899
1031 5769 0.212981
1032 1782 0.536809
1033 1783 0.62551
1033 4029 0.62551
1034 2857 0.692137
1036 5796 0.434153
1037 5828 0.30128
1038 5797 0.218667
1039 5802 0.523329
1040 5802 0.172425
1041 5487 0.617023
1041 5806 0.428991
1042 714 0.317019
1042 716 0.157595
1042 1825 0.208119
1042 2057 0.465196
1042 3421 0.671833
1043 715 0.279685
1043 8147 0.114357
1044 223 -0
1046 5637 0.46348
1047 3393 0.49248
1047 4293 0.581027
1047 4299 0.364473
1047 5107 0.676062
1047 5153 0.683036
1047 5371 0.639583
1047 6818 0.647715
1047 7052 0.456238
1047 7339 0.39855
1047 7342 0.461263
1047 7383 0.541847
1047 8237 0.683036
1047 8242 0.504253
1048 2418 0.000807825
1049 1307 0.69139
1049 3109 0.69139
1050 3238 0.471889
1050 8600 0.271446
1053 5847 0.473996
1054 6008 0.105048
1055 5848 0.321339
1055 6228 0.321339
1056 2845 0.303609
1057 8067 0.146424
1058 5849 0.316007
1059 7223 0.577105
1061 5884 0.314872
1062 5888 0.135471
1063 5889 0.156669
1064 5902 0.31585
1068 310 0.596695
1068 5911 0.596695
1069 1342 0.410365
1070 569 0.587081
1070 5926 0.031985
1070 6324 0.6938
1070 6736 0.587081
1070 7217 0.504287
1072 7765 0.563527
1074 6004 0.6363
1074 7039 0.543189
1075 6004 0.28562
1076 6006 0.31217
1076 6015 0.442951
1077 9306 0.562158
1077 9308 0.540295
1078 5613 0.616381
1078 9307 0.616381
1079 1453 0.514497
1080 2486 0.239936
1081 3019 0.549469
1081 6045 0.549469
1082 5758 0.518505
1082 8862 0.518505
1083 6056 0.407128
1084 1881 0.59474
1084 6060 0.280167
1084 6061 0.393295
1084 6064 0.282426
1084 7229 0.367864
1086 5211 0.421872
1086 6540 0.421872
1087 5854 0.537238
1088 8199 0.634574
1089 5631 0.595416
1090 2937 0.507873
1091 996 0.61245
1091 3915 0.18918
1091 6173 0.190858
1092 3100 0.530201
1092 6168 0.681324
1093 4272 0.357209
1094 597 0.482304
1095 6133 0.642757
1096 3827 0.642758
1096 6133 0.642758
1097 5508 0.688183
1097 6374 0.688183
1098 4809 0.477149
1099 6160 0.437913
1100 6168 0.192364
1101 6169 0.545746
1101 6172 0.545746
1103 6210 0.281173
1104 3623 0.503934
1104 5249 0.661015
1104 6959 0.477105
1104 6960 0.478564
1104 7610 0.413424
1105 6144 0.603523
1106 6220 0.144124
1108 6221 0.368309
1109 5848 0.321339
1109 6228 0.321339
1112 3668 0.478076
1112 7754 0.198033
1113 2816 0.297732
1114 3263 0.0783354
1114 6790 0.492828
1114 8153 0.616469
1115 6263 0.15748
1117 6272 0.218821
1118 759 0.236229
1120 6294 0.250659
1122 3415 0.414442
1122 4430 0.641868
1122 6035 0.516071
1122 6283 0.0407243
1122 6870 0.592355
1122 6875 0.323612
1122 7815 0.587816
1123 6280 0.231772
1124 1204 0.468342
1124 6315 0.533141
1125 1295 0.472233
1125 6315 0.63482
1127 2162 0.599478
1127 6799 0.606142
1130 6348 0.0598343
1132 967 0.576847
1133 6376 0.310565
1133 6377 0.165862
1133 6380 0.350767
1136 9009 0.542956
1137 6393 0.64181
1137 6394 0.263586
1138 6435 0.46752
1138 6437 0.181858
1139 6441 0.511948
1140 6439 0.506708
1141 6024 0.523633
1145 6625 0.287435
1146 1288 0.656895
1146 3727 0.677176
1146 6650 0.196098
1146 7145 0.677176
1146 7148 0.544179
1147 7150 0.615735
1147 8531 0.638925
1148 4293 0.613477
1148 4299 0.28205
1148 4301 0.110527
1149 6649 0.365236
1151 6656 0.306429
1151 8246 0.325672
1152 3345 0.57994
1152 6657 0.376022
1154 6711 0.355874
1155 2356 0.539559
1155 4667 0.539559
1155 6732 0.278439
1156 3746 0.429742
1157 3513 0.629814
1157 6671 0.629814
1158 8795 0.33786
1159 3006 0.312607
1160 5277 0.272411
1160 8768 0.520477
1162 5264 0.387942
1163 6944 0.69797
1164 6790 0.492828
1165 6809 0.335107
1165 6865 0.64735
1167 6789 0.543492
1168 6791 0.604756
1170 4544 0.666591
1172 6856 0.508448
1173 6945 0.444038
1174 6946 0.31971
1175 8861 0.431698
1176 4255 0.689805
1176 6880 0.138032
1177 675 0.524438
1181 6980 0.192504
1182 3349 0.644613
1182 6393 0.642238
1184 6993 0.089731
1185 102 0.686446
1185 6631 0.689033
1185 9275 0.674031
1186 4603 0.399017
1187 9322 0.423692
1188 6599 0.273032
1189 7152 0.304542
1190 1877 0.437879
1191 3028 0.303465
1191 3770 0.353419
1191 8144 0.222646
1191 8212 0.563255
1191 8859 0.463793
1191 8966 0.663021
1191 9239 0.686079
1191 9319 0.219594
1192 199 0.657283
1195 2720 0.605438
1195 4915 0.605438
1195 6867 0.605438
1196 2453 0.419291
1196 7104 0.452958
1197 1484 0.425273
1197 7039 0.259519
1197 7046 0.192469
1197 7048 0.401322
1198 1476 0.2737
1198 1479 -0
1198 7043 0.328022
1199 2370 0.690134
1199 8417 0.690134
1200 7346 0.529193
1201 5593 0.650852
1201 7100 0.650852
1202 1288 0.637283
1202 2873 0.616247
1202 3727 0.681513
1202 7145 0.681513
1205 7184 0.616128
1206 7297 0.103756
1206 7298 0.622868
1206 7300 0.570962
1208 2724 0.504854
1210 1890 0.221242
1210 1891 0.301326
1210 4175 0.576112
1210 5574 0.575138
1211 7217 0.504276
1212 3141 0.698748
1212 3142 0.650667
1214 7611 0.323824
1215 7263 0.0671088
1218 7346 0.467738
1219 7346 0.529193
1220 7074 0.385142
1221 1647 0.581961
1224 2720 0.605438
1224 4915 0.605438
1224 6867 0.605438
1225 9095 0.608532
1226 7510 0.679741
1228 7512 0.0835793
1229 7548 0.665173
1230 4288 0.502068
1230 7621 0.364739
1231 7655 0.131069
1233 7662 0.405111
1234 7073 0.55619
1235 1298 -0
1235 2103 0.301041
1235 4413 0.634369
1237 2875 0.469536
1240 7730 0.497663
1244 7740 0.444109
1245 7740 0.444497
1246 7741 0.380947
1248 6545 0.669976
1252 5079 0.30103
1252 7776 0.634282
1252 7779 0.493423
1253 3685 0.52501
1254 6344 0.288266
1255 7816 0.685253
1256 156 0.664
1256 638 0.591395
1256 1133 0.51839
1256 1210 0.382573
1256 1927 0.637719
1256 2623 0.664
1256 3298 0.467078
1256 3398 0.477121
1256 4162 0.470596
1256 5962 0.565604
1256 6435 0.644756
1256 6916 0.589453
1256 8520 0.664
1256 9250 0.647016
1257 7816 0.693323
1260 286 0.484624
1260 7833 0.484624
1263 186 0.645261
1263 1803 0.356833
1264 3866 0.673915
1264 5198 0.343486
1264 5912 0.309696
1264 7675 0.585689
1265 7922 0.478264
1267 7907 0.548793
1268 2937 0.507873
1269 8247 0.695599
1270 9321 0.412888
1271 742 0.58965
1271 2757 0.260917
1271 2761 0.516494
1271 5002 0.516494
1272 2747 0.567584
1273 9308 0.540295
1275 1744 0.300176
1275 2931 0.66342
1275 4932 0.466864
1276 5988 0.336825
1277 4056 0.578782
1278 7990 0.60606
1279 7990 0.304989
1280 7995 0.301711
1282 2661 0.0455251
1283 1744 0.424306
1284 7996 0.680485
1285 9230 0.410309
1286 953 0.471255
1286 2838 0.652113
1286 4024 0.517039
1286 8512 0.696224
1286 9095 0.44834
1286 9251 0.413138
1286 9254 0.188245
1287 6639 0.677603
1289 8008 -0
1292 3205 0.399425
1292 3214 0.105861
1292 3216 0.362104
1293 3212 0.42575
1294 8047 0.0397553
1295 67 0.483956
1296 996 0.61245
1297 1691 0.610315
1297 3940 0.320224
1297 4958 0.413749
1297 8075 0.0083077
1297 8076 0.193665
1298 402 0.352703
1298 7298 0.622875
1299 8046 0.0250339
1300 1374 0.452464
1300 1721 0.654572
1300 4986 0.670883
1300 8204 0.507452
1301 6328 0.244808
1303 8097 0.313513
1304 5593 0.650852
1304 7100 0.650852
1305 3009 0.105609
1305 8557 0.653069
1307 1213 0.456713
1307 1802 0.336976
1307 2186 0.615696
1307 3723 0.598242
1308 39 0.511473
1309 450 0.553769
1309 1415 0.356283
1309 2420 0.659841
1309 2668 0.590425
1309 2684 0.20019
1309 3548 0.13258
1309 5422 0.644124
1309 7034 0.287154
1309 7741 0.448473
1310 823 0.157416
1312 5533 0.240823
1314 5008 0.442761
1314 8798 0.558473
1314 9275 0.674089
1315 5152 0.494688
1319 2553 0.347795
1319 4024 0.517027
1320 4348 0.581091
1320 8139 0.489205
1321 5378 0.188243
1322 5378 0.528815
1323 8150 0.237535
1324 3454 0.693936
1325 5712 0.560124
1325 8162 0.186826
1325 8830 0.434527
1326 8011 0.269907
1327 2117 0.636391
1327 6714 0.673403
1327 8190 0.357481
1328 8490 0.453194
1329 5155 0.480491
1330 5593 0.650852
1330 7100 0.650852
1331 1070 0.270745
1333 1321 0.628297
1333 2640 0.372664
1333 6193 0.452855
1334 8166 0.211166
1335 302 0.0182861
1335 1045 0.509468
1335 1399 0.461206
1335 2820 0.013435
1335 3000 0.263154
1335 3205 0.587789
1335 3382 0.680403
1335 5301 0.30103
1335 6467 0.442435
1335 7360 0.638002
1335 8238 0.638002
1335 9124 0.583137
1336 9230 0.410309
1337 4876 0.475464
1338 8212 0.563254
1339 8214 0.537211
1340 8214 0.438123
1341 369 0.689821
1341 1606 0.532922
1341 1783 0.625833
1341 3810 0.356384
1341 4029 0.625833
1341 6332 0.66954
1341 6852 0.239852
1341 7064 0.696132
1341 7381 0.471573
1341 8786 0.649721
1343 6849 0.291949
1344 1605 0.567233
1344 5671 0.450931
1344 6850 0.349448
1345 6851 0.222168
1346 6764 0.655528
1347 3631 0.255493
1348 2570 0.628985
1348 8514 0.58391
1349 2559 0.277708
1349 2616 0.349347
1349 2617 0.285743
1349 3414 0.626342
1349 3418 0.538718
1349 5909 0.384362
1350 8308 0.643106
1351 8376 0.330075
1353 9009 0.583639
1354 8297 0.375868
1355 8306 0.692972
1356 8308 0.581675
1357 2955 0.607463
1361 360 0.579732
1361 1293 0.579732
1362 8326 0.224894
1364 3879 0.179403
1364 8333 0.150316
1366 1752 0.669975
1367 3087 0.684273
1367 4394 0.496089
1367 6484 0.496089
1367 8708 0.145793
1367 8966 0.663025
1368 9262 0.499377
1369 534 0.071595
1369 6340 0.548193
1369 7311 0.250589
1369 8608 0.323496
1371 549 0.273913
1371 2509 0.607183
1371 8340 0.428556
1372 350 0.487033
1372 4154 0.487033
1373 2730 0.427164
1373 8394 0.443595
1374 5152 0.478841
1374 5495 0.582837
1374 7802 0.0850102
1375 5453 0.481594
1376 4013 0.145942
1377 5461 0.453623
1378 993 0.552812
1378 1663 0.552812
1378 4777 0.552812
1378 8754 0.552812
1379 3352 0.619639
1379 3353 0.291477
1382 33 0.696415
1382 3713 0.390309
1387 33 0.553628
1387 3713 0.544782
1389 824 0.317497
1391 3826 0.546291
1392 8389 0.493924
1393 3826 0.546295
1394 8389 0.192894
1395 6714 0.573723
1396 8215 0.239182
1397 2132 0.305252
1399 2712 0.5023
1402 4662 0.301801
1402 8419 0.672779
1403 2665 0.669255
1404 5559 0.45536
1405 1397 0.593358
1405 7109 0.555384
1406 8431 0.240726
1407 8433 0.591571
1407 8468 0.591571
1409 1653 0.543212
1411 8453 0.323786
1412 1891 0.301326
1412 8419 0.438457
1414 8456 0.326666
1415 2913 0.307891
1416 6767 0.432239
1420 5847 0.473996
1421 1862 0.611567
1421 2356 0.547622
1421 2724 0.51908
1421 3349 0.647868
1421 3513 0.656096
1421 3860 0.576538
1421 4477 0.608635
1421 4667 0.547622
1421 5249 0.676178
1421 5662 0.608635
1421 6208 0.503825
1421 6671 0.656096
1421 7548 0.696054
1422 5501 0.424944
1423 8760 0.601804
1424 1313 0.65131
1424 5747 0.65131
1426 549 0.599843
1426 3070 0.286724
1426 3826 0.550095
1426 4694 0.558893
1426 4886 0.608586
1426 5278 0.378574
1426 5422 0.644475
1426 5840 0.656163
1426 6091 0.534387
1426 6495 0.579321
1426 6553 0.0909341
1426 6554 0.360775
1426 6557 0.195605
1426 6559 0.45527
1426 6764 0.675378
1426 7270 0.387424
1426 8144 0.646602
1427 6531 0.588684
1428 1645 0.698346
1428 1884 0.698346
1428 2370 0.690134
1428 2893 0.144801
1428 5464 0.698346
1428 6545 0.52143
1428 6547 0.370011
1428 8417 0.690134
1430 5948 0.470436
1431 4288 0.502089
1432 8531 0.340521
1433 450 0.557536
1433 2727 0.220566
1434 2782 0.500411
1434 4354 0.440492
1435 5508 0.688183
1435 6374 0.688183
1436 2162 0.348482
1436 2789 0.0308763
1439 4069 0.561606
1439 5158 0.578759
1441 4378 0.30103
1441 5228 0.0255805
1441 7304 0.144945
1441 8662 0.338848
1442 556 0.476419
1442 638 0.5814
1442 1212 0.393186
1442 3398 0.477121
1442 3824 0.652313
1442 5366 0.567195
1442 6732 0.675624
1442 6788 0.564112
1442 6843 0.578672
1442 6916 0.643585
1442 8731 0.69222
1442 9250 0.659695
1443 375 0.66451
1443 660 0.575323
1443 824 0.513227
1443 1408 0.677316
1443 1818 0.576389
1443 1906 0.6246
1443 2062 0.662835
1443 2317 0.661701
1443 2569 0.667633
1443 2878 0.24965
1443 3091 0.66923
1443 4651 0.592321
1443 4688 0.209853
1443 4691 0.0282971
1443 4761 0.033726
1443 4792 0.111467
1443 5156 0.496344
1443 5566 0.341544
1443 5574 0.447186
1443 5892 0.599859
1443 5912 0.494094
1443 6376 0.293569
1443 6380 0.500963
1443 6670 0.654717
1443 8433 0.629582
1443 8468 0.629582
1443 8556 0.620766
1443 8809 0.6246
1444 7935 0.571639
1445 8625 0.242789
1446 2056 0.488108
1446 3746 0.432367
1446 4805 0.578652
1447 720 0.563775
1447 1782 0.533599
1447 3011 0.597325
1447 3373 0.665312
1447 4805 0.259177
1447 6441 0.511967
1447 8306 0.692973
1447 9366 0.297749
1448 667 0.679519
1448 1969 0.601133
1448 2913 0.616158
1448 3156 0.358299
1448 3623 0.545932
1448 4301 0.68569
1448 6761 0.288633
1448 7429 0.365095
1448 8548 0.582562
1450 1087 0.684664
1450 1960 0.25976
1450 2668 0.501924
1450 3513 0.655544
1450 4404 0.684664
1450 4693 0.376649
1450 6007 0.378474
1450 6671 0.655544
1450 9360 0.124683
1451 1399 0.484411
1451 3358 0.53871
1452 1783 0.666446
1452 1919 0.506785
1452 3011 0.343488
1452 4029 0.666446
1452 4248 0.0485375
1452 5748 0.446136
1452 7184 0.616891
1452 7548 0.665314
1452 9322 0.550242
1453 1862 0.611561
1453 8887 0.168443
1454 1606 0.304148
1455 2251 0.115965
1455 6098 0.173577
1455 6104 0.149332
1458 8818 0.103194
1459 3438 0.589727
1460 2487 0.552153
1460 5453 0.545243
1460 8820 0.0489071
1460 8821 0.493235
1460 8830 0.455019
1461 1340 0.510554
1461 1341 0.0253922
1461 1404 0.246242
1461 1407 0.372448
1461 5144 0.688408
1461 7765 0.678697
1463 3558 0.658836
1463 5020 0.395563
1463 6478 0.307759
1463 7922 0.478264
1464 2263 0.255299
1464 6095 0.633192
1464 6099 0.610278
1465 5305 0.273487
1466 2186 0.65116
1466 2747 0.601846
1466 3763 0.651903
1466 7110 0.489079
1466 8848 0.0578117
1466 9308 0.65259
1467 6003 0.498078
1467 7266 0.178705
1467 8768 0.468504
1469 963 0.0899349
1469 1072 0.464383
1469 2068 0.52785
1469 2069 0.609202
1469 4039 0.357427
1469 4043 0.420429
1469 7150 0.626167
1469 8139 0.679269
1469 8640 0.227583
1470 964 0.25878
1470 1288 0.535266
1470 8641 0.388346
1471 4175 0.547274
1471 5698 0.40426
1471 8576 0.369548
1472 3677 0.650576
1472 4176 0.401774
1475 18 0.371495
1475 154 0.667374
1475 228 0.579778
1475 289 0.468981
1475 375 0.598463
1475 438 0.307122
1475 688 0.595884
1475 2317 0.342983
1475 2459 0.497385
1475 2613 0.539731
1475 2732 0.466313
1475 3507 0.427181
1475 4650 0.571366
1475 4651 0.69055
1475 5107 0.651569
1475 5398 0.554431
1475 5488 0.576103
1475 5680 0.492286
1475 5698 0.390063
1475 6458 0.519732
1475 6741 0.543267
1475 7358 0.445064
1475 7598 0.618692
1475 7960 0.667435
1475 7988 0.543188
1475 8603 0.457269
1475 9142 0.694169
1475 9163 0.430446
1475 9251 0.594585
1475 9380 0.698612
1476 678 0.213441
1476 4206 0.213441
1477 2068 0.527862
1477 2746 0.453442
1477 2781 0.213454
1477 5744 0.502339
1478 2450 0.0757436
1479 7396 0.515986
1480 695 0.376921
1480 6562 0.604749
1480 8859 0.335622
1481 5327 0.493755
1481 6641 0.5905
1483 8687 0.392499
1486 5758 0.694777
1486 8376 0.662633
1486 8862 0.694777
1486 9101 0.69817
1487 9161 0.414444
1488 6198 0.586137
1488 8888 0.625628
1489 1706 -0
1491 136 0.460106
1491 4987 0.460106
1492 1645 0.698342
1492 1884 0.698342
1492 5464 0.698342
1492 8739 0.176168
1493 608 0.652716
1493 3597 0.217252
1493 6928 0.520628
1493 7453 0.523264
1493 8741 0.101281
1494 8743 0.185655
1495 8760 0.435101
1496 8760 0.601804
1498 7478 0.485016
1498 8769 0.455044
1500 8786 0.25543
1501 8788 0.501168
1501 8795 0.337857
1503 8767 0.490505
1504 9300 0.635328
1506 6753 0.525807
1506 8834 0.525807
1510 2530 0.321407
1510 4890 0.692623
1510 8755 0.23039
1514 9317 0.142151
1515 3290 0.342351
1517 5082 0.480491
1518 3393 0.492408
1520 2867 0.301408
1521 2866 0.0682279
1523 4639 0.560826
1523 7110 0.639287
1523 9189 0.201961
1523 9193 0.451739
1523 9194 0.387339
1525 2660 0.0964507
1525 4905 0.675311
1525 5453 0.538983
1526 8509 0.604749
1527 4942 0.48882
1529 4316 0.456674
1530 9239 0.400965
1532 2634 0.45138
1533 5260 0.0496105
1533 5261 0.473167
1534 5261 0.473167
1535 1862 0.611559
1535 1865 0.443977
1536 3345 0.57994
1537 5021 0.0257089
1538 360 0.579732
1538 1293 0.579732
1540 3485 0.592556
1542 4243 0.090642
1543 5470 0.597465
1544 8064 0.666692
1545 675 0.535528
1545 6889 0.476975
1545 7050 0.557225
1545 7378 0.560507
1545 7565 0.420372
1546 3290 0.573815
1546 5422 0.644123
1547 4349 0.532655
1547 8070 0.625567
1547 8080 0.653351
1547 8953 0.379143
1548 682 0.578198
1548 8074 0.385043
1549 8934 0.326388
1549 8948 0.429079
1550 8935 -0
1552 4069 0.561889
1553 3908 0.48248
1554 8959 0.503841
1555 8959 0.486711
1556 8973 0.367198
1558 8978 0.289694
1560 9001 0.222022
1561 8985 0.166323
1562 9009 0.42816
1566 9076 0.306233
1569 283 0.657819
1569 697 0.657819
1569 1662 0.582533
1569 3349 0.644611
1569 3917 0.671285
1569 6946 0.362397
1569 8340 0.428635
1569 8459 0.380603
1569 8514 0.58391
1569 8832 0.125341
1570 9127 0.219812
1571 3044 0.476551
1571 3702 0.557842
1571 5018 0.533435
1571 9130 0.557842
1572 4205 0.65969
1573 9134 0.108706
1574 9163 0.227676
1575 2398 0.599931
1577 9181 -0
1579 9188 0.26375
1581 5337 0.692325
1581 9225 0.170014
1581 9226 0.692325
1582 9222 0.683248
1583 7465 0.314442
1584 9271 -0
1586 641 0.45508
1586 6031 0.301031
1586 7995 0.301711
1587 645 0.23263
1587 6032 0.297141
1590 348 0.685475
1590 3769 0.685475
1590 9123 0.320735
1590 9293 0.45405
1591 9290 0.255531
1592 6803 0.589617
1593 284 0.449454
1593 646 0.258111
1593 722 0.114025
1593 1793 0.58004
1593 1875 0.502404
1593 2747 0.568306
1593 3320 0.168412
1593 3321 0.108318
1593 4149 0.664663
1593 7730 0.48149
1593 9262 0.464517
1594 4278 0.643909
1594 4651 0.568877
1594 6945 0.444038
1594 7675 0.618683
1594 7785 0.434327
1594 8879 0.643909
1596 553 0.491609
1596 2155 0.601204
1596 2370 0.690321
1596 4876 0.475526
1596 5644 0.291637
1596 5741 0.128347
1596 5744 0.502381
1596 8417 0.690321
1599 5229 0.122945
1600 6191 0.390274
1600 6319 0.6227
1601 8017 0.161558
1603 6631 0.689135
1604 283 0.67361
1604 697 0.67361
1604 794 0.670242
1604 910 0.145892
1604 952 0.346805
1604 1045 0.311298
1604 2361 0.640789
1604 2948 0.554854
1604 3104 0.271326
1604 3908 0.504228
1604 6965 0.594938
1604 8453 0.632297
1604 8832 0.68616
1605 286 0.481275
1605 5034 0.696959
1605 6581 0.696959
1605 7833 0.481275
1606 295 0.323012
1606 996 0.678442
1606 1547 0.61036
1606 2155 0.605197
1606 3055 0.619158
1606 3319 0.241202
1606 8769 0.473361
1607 5828 0.30128
1608 1340 0.579276
1608 1796 0.662808
1608 2147 0.592855
1608 2469 0.613074
1608 3302 0.55743
1608 6788 0.506333
1608 6847 0.500729
1608 6876 0.388365
1608 8404 0.384112
1608 8509 0.604943
1608 8587 0.52587
1609 6876 0.342054
1610 553 0.491609
1610 4895 0.111938
1610 6793 0.115567
1610 8055 0.645021
1611 295 0.297294
1611 3091 0.462996
1611 5818 0.138654
1612 8500 0.687411
1614 1313 0.695968
1614 1321 0.622803
1614 2836 0.490458
1614 4790 0.227756
1614 5747 0.695968
1614 6466 0.439011
1614 6845 0.184824
1614 6847 0.604466
1614 6861 0.187403
1614 7828 0.51884
1615 4886 0.608152
1617 1749 0.57967
1617 3611 0.668859
1617 5034 0.695045
1617 6581 0.695045
1617 6861 0.674085
1617 9306 0.562646
1618 3155 0.622132
1618 6434 0.622132
1618 9137 0.58112
1620 2746 0.50759
1620 5940 0.586889
1620 6463 0.163032
1620 7626 0.555658
1621 3570 0.309171
1622 685 0.366686
1622 691 0.213852
1622 964 0.618171
1622 2038 0.476697
1622 2539 0.558351
1622 2730 0.466658
1622 2850 0.618319
1622 3373 0.671035
1622 3486 0.548199
1622 3547 0.44518
1622 3577 0.64711
1622 4923 0.467437
1622 5980 0.477155
1622 6549 0.696999
1622 6554 0.509819
1622 6583 0.586759
1622 6959 0.477785
1622 7079 0.495737
1622 7116 0.565408
1622 7489 0.606261
1622 7610 0.655593
1622 7716 0.516453
1622 7816 0.521763
1622 8050 0.369663
1622 8055 0.485356
1622 8064 0.656114
1622 8080 0.665734
1622 8815 0.371524
1622 8961 0.615307
1622 9274 0.697616
1623 8260 0.553865
1624 521 0.69735
1624 740 0.0176532
1624 1618 0.648076
1624 2330 0.60454
1624 3914 0.27006
1624 5565 0.440952
1624 5634 0.643961
1624 5702 0.643961
1624 7035 0.648076
1624 8005 0.538551
1624 8612 0.69735
1625 7913 0.215539
1628 2452 0.66106
1629 5955 0.522268
1630 1906 0.614836
1630 8798 0.689423
1630 8804 0.525753
1630 8809 0.614836
1631 8805 0.387086
1637 4413 0.55824
1638 3055 0.58844
1639 9028 0.413065
1640 641 0.627825
1640 688 0.470205
1640 1829 0.695083
1640 1953 0.627094
1640 2613 0.450509
1640 2724 0.504875
1640 3905 0.645883
1640 4464 0.69786
1640 6852 0.536383
1640 6974 0.279058
1640 7270 0.387427
1640 8054 0.516251
1640 8061 0.302071
1640 9283 0.327484
1640 9284 0.319766
1640 9285 0.358775
1640 9296 0.5154
1641 2180 0.493859
1641 5107 0.676141
1641 5631 0.561338
1641 7342 0.461263
1643 176 0.639909
1643 5108 0.207914
1643 5470 0.597465
1643 9337 0.639909
1644 3558 0.658836
1644 5152 0.478657
1644 5153 0.660204
1644 8237 0.660204
1646 8512 0.696208
1647 5446 0.121225
1647 5451 0.267249
1647 5820 0.00453607
1648 345 0.448107
1648 369 0.473165
1649 369 0.647564
1650 1050 0.630721
1650 4272 0.66091
1650 5831 0.00663029
1650 6319 0.619459
1650 8212 0.563986
1650 8430 0.329586
1651 4149 0.208592
1652 4660 0.609366
1653 753 0.657897
1653 953 0.489098
1653 2225 0.653793
1653 2469 0.668651
1653 2746 0.478637
1653 3547 0.564034
1653 3553 0.480805
1653 3917 0.645518
1653 5296 0.493715
1653 5483 0.653793
1653 5595 0.671878
1653 5637 0.638513
1653 6441 0.678159
1653 7382 0.41503
1653 8472 0.590927
1653 8534 0.602939
1653 8662 0.336149
1653 8892 0.206134
1653 9053 0.653793
1653 9297 0.0231593
1654 4589 0.53777
1655 4590 0.207334
1656 199 0.666655
1656 2937 0.507875
1656 4921 0.534336
1656 6766 0.621274
1656 8477 0.534336
1656 8679 0.238627
1656 9278 0.0083647
1657 9279 0.0306691
1658 4522 0.487875
1658 9375 0.359308
1659 4760 0.578221
1659 9376 0.225977
1660 9380 0.490416
1661 9380 0.567565
1661 9382 0.162279
