%col 0
215 0.355931
582 0.332372
721 0.693546
4554 0.107143
4574 0.0635354
4941 0.538577
5353 0.561388
7102 0.596957
7217 0.562813
8392 0.475161
%col 1
348 0.685475
3769 0.685475
9123 0.320735
9293 0.45405
%col 2
18 0.371495
154 0.667374
228 0.579778
289 0.468981
375 0.598463
438 0.307122
688 0.595884
2317 0.342983
2459 0.497385
2613 0.539731
2732 0.466313
3507 0.427181
4650 0.571366
4651 0.69055
5107 0.651569
5398 0.554431
5488 0.576103
5680 0.492286
5698 0.390063
6458 0.519732
6741 0.543267
7358 0.445064
7598 0.618692
7960 0.667435
7988 0.543188
8603 0.457269
9142 0.694169
9163 0.430446
9251 0.594585
9380 0.698612
%col 3
228 0.228646
289 0.195518
2168 0.486867
6009 0.495943
6583 0.598923
7058 0.660451
7356 0.176914
7358 0.209404
7359 0.554509
7396 0.459488
9274 0.511458
%col 4
18 0.371495
154 0.667374
228 0.579778
289 0.468981
375 0.598463
438 0.307122
688 0.595884
2317 0.342983
2459 0.497385
2613 0.539731
2732 0.466313
3507 0.427181
4650 0.571366
4651 0.69055
5107 0.651569
5398 0.554431
5488 0.576103
5680 0.492286
5698 0.390063
6458 0.519732
6741 0.543267
7358 0.445064
7598 0.618692
7960 0.667435
7988 0.543188
8603 0.457269
9142 0.694169
9163 0.430446
9251 0.594585
9380 0.698612
%col 5
569 0.587081
5926 0.031985
6324 0.6938
6736 0.587081
7217 0.504287
%col 6
2246 0.312691
2680 0.639312
5892 0.681386
%col 7
700 0.354518
1203 0.133775
1204 0.21444
6803 0.589618
%col 8
5817 0.0202824
%col 9
5260 0.0496105
5261 0.473167
